15 4
15 5
15 6
15 17
15 18
15 19
16 4
16 7
16 16
16 19
17 4
17 19
18 4
18 8
18 15
18 19
19 4
19 8
19 15
19 19
20 5
20 9
20 14
20 18
21 10
21 13
22 11
22 12
23 8
23 10
23 13
23 15
24 8
24 15
25 9
25 10
25 13
25 14
26 7
26 8
26 15
26 16
27 6
27 7
27 8
27 10
27 13
27 15
27 16
27 17
28 5
28 6
28 9
28 14
28 17
28 18
29 5
29 7
29 16
29 18
30 6
30 7
30 8
30 15
30 16
30 17
31 6
31 7
31 8
31 15
31 16
31 17
32 6
32 7
32 16
32 17
46 4
46 5
46 6
46 17
46 18
46 19
47 4
47 7
47 16
47 19
48 4
48 19
49 4
49 8
49 15
49 19
50 4
50 8
50 15
50 19
51 5
51 9
51 14
51 18
52 10
52 13
53 11
53 12
54 8
54 10
54 13
54 15
55 8
55 15
56 9
56 10
56 13
56 14
57 7
57 8
57 15
57 16
58 6
58 7
58 8
58 10
58 13
58 15
58 16
58 17
59 5
59 6
59 9
59 14
59 17
59 18
60 5
60 7
60 16
60 18
61 6
61 7
61 8
61 15
61 16
61 17
62 6
62 7
62 8
62 15
62 16
62 17
63 6
63 7
63 16
63 17

