15 9 
15 10 
16 9 
16 11 
17 10 
16 13 
15 14 
15 15 
16 13 
16 16 
17 14 
19 9 
19 10 
19 14 
19 15 
20 4 
20 5 
20 8 
20 10 
20 14 
20 16 
20 19 
20 20 
21 4 
21 6 
21 8 
21 9 
21 15 
21 16 
21 18 
21 20 
22 5 
22 19 
24 5 
24 19 
25 4 
25 6 
25 8 
25 9 
25 15 
25 16 
25 18 
25 20 
26 4 
26 5 
26 8 
26 10 
26 14 
26 16 
26 19 
26 20 
27 9 
27 10 
27 14 
27 15 
29 10 
29 14 
30 9 
30 11 
30 13 
30 15 
31 9 
31 10 
31 14 
31 15 
48 9 
48 10 
48 14 
48 15 
49 9 
49 11 
49 13 
49 15 
50 10 
50 14 
52 9 
52 10 
52 14 
52 15 
53 4 
53 5 
53 8 
53 10 
53 14 
53 16 
53 19 
53 20 
54 4 
54 6 
54 8 
54 9 
54 15 
54 16 
54 18 
54 20 
55 5 
55 19 
57 5 
57 19 
58 4 
58 6 
58 8 
58 9 
58 15 
58 16 
58 18 
58 20 
59 4 
59 5 
59 8 
59 10 
59 14 
59 16 
59 19 
59 20 
60 9 
60 10 
60 14 
60 15 
62 10 
62 14 
63 9 
63 11 
63 13 
63 15 
64 9 
64 10 
64 14 
64 15

