10 16 
11 15 
11 16 
12 9 
12 15 
12 17 
13 8 
13 9 
14 8 
14 10 
14 14 
14 15 
14 17 
14 19 
15 12 
15 20 
15 21 
16 11 
16 16 
16 22 
16 23 
17 11 
17 14 
17 17 
17 18 
17 19 
17 20 
17 21 
17 22 
25 16 
26 15 
26 16 
27 9 
27 15 
27 17 
28 8 
28 9 
29 8 
29 10 
29 14 
29 15 
29 17 
29 19 
30 12 
30 20 
30 21 
31 11 
31 16 
31 22 
31 23 
32 11 
32 14 
32 17 
32 18 
32 19 
32 20 
32 21 
32 22 
40 16 
41 15 
41 16 
42 9 
42 15 
42 17 
43 8 
43 9 
44 8 
44 10 
44 14 
44 15 
44 17 
44 19 
45 12 
45 20 
45 21 
46 11 
46 16 
46 22 
46 23 
47 11 
47 14 
47 17 
47 18 
47 19 
47 20 
47 21 
47 22

